$ANSIBLE_VAULT;1.1;AES256
61376532323930396261633936616132326639346131353765343137626139376538373134663561
3863306432323162646132366237363762626261353837630a393935326635373130386530623864
66613664393837643633633232663234343331666165366666306431323430306138623066633765
3938343662356265330a353163636535343032313463373932653032336338393337663464666331
30393539613935643233316162633532646564316239336632613463653736666531383430366163
39626535643134303632653363316638323632386264323334373333383764356232316661356465
33343566616332326432353836373336623861393534306235373138383235646531613232366431
38393436633165376266666666636161313536323566343733313464613735633637396432643437
34666435363531636333373032386630343832363838386533386339396562363132646536653635
64616130306365303361613235313162353062373861656438323062303963353236303762373036
39396139316137386231663366313634663463333037393735616462313966666639386231653536
30303431666364373436363463323664316663623439626235616662643865643332363833393233
64323034366635356239663662666563643131393234306638663361623762633366363733376361
62393030343833333639663731366338386166383563626539616261653734376162643835653339
66623162663935653331623433333163626161333536666362396538666239323939613262633563
31636438316134303661373463366430666236353063353461393263396636326630376233653966
39383238363166396535623832396663306661623361393637306563393162633462303036343631
6464336233376133356261356530396566303866363564343465
