$ANSIBLE_VAULT;1.1;AES256
36633935656366303161646537636266623834326136653466633263366539306534326665386665
3835623135353562373938643063343334363333663965330a633866323166643730663832323532
30653032316239363530633235646533663164623865623038323435386132633366373635636661
6631633837626164630a363663373634653833633935383533653761313335646633663237323630
65363162366431666335383536343861343239653833373365343431316632613635393130636130
64323934306239356138313734653032653861343062323835346633323637623862383139386333
36643565613131306532313563623630656430613337373737613431363730356333383435366531
35626332663566313438623162366165366135346539376533333032383762383536366532616663
61663465363232643865663161306534376161376339653335633238363861366432356436316366
37373362653861313133353863303139666330303835653235653034323166623136613665373864
32353032633061643338346162613334393830376662626237633063313930393138653039386362
66313731656165633139366461383466346463333566663361633062623538623462323363616334
34646432363335626630393831303664653033613431626364333035663565316663346639323634
38323837333335623938343434623361643936366362396539646330643763393531663339306161
32366263323031643734616533373130643530633030353139316331366635626330316561613065
63313461393165633536
